2002	17628
1999	17432
2001	17360
2000	17235
1998	15766
1997	14892
2003	14359
1996	14031
1995	13548
1994	11796
1993	10602
1992	9906
1991	9389
1990	8661
1989	7937
1988	7493
1987	6529
1986	5841
2004	5839
1985	5343
1984	4986
0	4619
1983	4499
1982	4197
1981	3279
1980	2676
1979	2208
1978	2131
1977	1897
1976	1599
1975	1219
1974	1024
1973	924
1972	773
1971	540
1970	459
1969	339
1968	233
1966	183
1967	176
1965	173
1964	149
1960	133
1961	132
1963	132
1962	123
1959	103
1958	77
1957	76
1956	74
1955	70
1953	63
1954	54
2005	46
1951	40
1940	36
1952	34
1920	33
1950	32
1911	19
1942	14
1947	14
1946	13
1930	13
1949	11
1923	11
1941	10
1948	9
1939	9
1943	8
1945	8
1938	7
2030	7
1936	7
1929	7
1901	7
1937	5
1932	5
1933	4
1944	4
1900	3
2006	3
1931	3
2020	3
1935	3
2011	2
1928	2
1927	2
1926	2
1925	2
1924	2
1922	2
1921	2
2010	2
1909	2
1902	2
2050	2
2037	1
1897	1
1806	1
1919	1
1917	1
1914	1
2008	1
1910	1
Stephen Crane	1
1934	1
1378	1
2021	1
2012	1
1376	1
1908	1
1906	1
1904	1
2038	1
2026	1
2024	1
